80 30
BEGIN_CUBES
0 128
0 160
0 192
0 224
0 256
0 288
0 320
0 352
0 384
0 416
0 448
0 480
0 512
0 544
0 576
0 608
0 640
0 672
0 704
0 736
0 768
0 800
0 832
0 864
0 896
32 896
64 896
96 896
128 896
160 896
192 896
224 896
256 896
288 896
320 896
352 896
384 896
416 896
448 896
480 896
512 896
544 896
576 896
608 896
640 896
672 864
672 896
704 832
704 864
704 896
736 768
736 800
736 832
736 864
736 896
768 736
768 768
768 800
768 832
768 864
768 896
800 704
800 736
800 768
800 800
800 832
800 864
800 896
832 672
832 704
832 736
832 768
832 800
832 832
832 864
832 896
864 672
864 704
864 736
864 768
864 800
864 832
864 864
864 896
896 672
896 704
896 736
896 768
896 800
896 832
896 864
896 896
928 672
928 704
928 736
928 768
928 800
928 832
928 864
928 896
960 672
960 704
960 736
960 768
960 800
960 832
960 864
960 896
992 672
992 704
992 736
992 768
992 800
992 832
992 864
992 896
1024 672
1024 704
1024 736
1024 768
1024 800
1024 832
1024 864
1024 896
1056 672
1056 704
1056 736
1056 768
1056 800
1056 832
1056 864
1056 896
1088 672
1088 704
1088 736
1088 768
1088 800
1088 832
1088 864
1088 896
1120 672
1120 704
1120 736
1120 768
1120 800
1120 832
1120 864
1120 896
1152 672
1152 704
1152 736
1152 768
1152 800
1152 832
1152 864
1152 896
1184 704
1184 736
1184 768
1184 800
1184 832
1184 864
1184 896
1216 736
1216 768
1216 800
1216 832
1216 864
1216 896
1248 768
1248 800
1248 832
1248 864
1248 896
1280 800
1280 832
1280 864
1280 896
1312 832
1312 864
1312 896
1344 896
1376 896
1408 896
1440 896
1472 896
1504 896
1536 896
1568 896
1600 896
1632 896
1664 896
1696 896
1728 896
1760 896
1792 896
1824 896
1856 896
1888 896
1920 896
1952 896
1984 896
2016 896
2048 896
2080 896
2112 896
2144 896
2144 928
2176 864
2176 896
2176 928
2208 864
2208 896
2208 928
2240 864
2240 896
2240 928
2272 864
2272 896
2272 928
2304 864
2304 896
2304 928
2336 864
2336 896
2336 928
2368 864
2368 896
2400 864
2400 896
2432 864
2432 896
2464 864
2464 896
2496 288
2496 320
2496 352
2496 384
2496 416
2496 448
2496 480
2496 512
2496 544
2496 576
2496 608
2496 640
2496 672
2496 704
2496 736
2496 768
2496 800
2496 832
2496 864
2496 896
2528 0
2528 32
2528 64
2528 96
2528 128
2528 160
2528 192
2528 224
2528 256
2528 288
2528 320
2528 352
2528 384
2528 416
2528 448
2528 480
2528 512
2528 544
2528 576
2528 608
2528 640
2528 672
2528 704
2528 736
2528 768
2528 800
2528 832
2528 864
2528 896
END_CUBES
BEGIN_UNITS
Gold 162 330
Gold 492 356
Gold 777 345
Gold 1101 328
Bigmek 1167 542
Dolan 1396 656
Dolan 1662 679
Gooby 1923 679
Snepbek 2059 690
Bigmek 2382 716
END_UNITS