40 20
BEGIN_CUBES
0 288
0 320
0 352
0 384
0 416
0 448
0 480
0 512
0 544
0 576
0 608
32 608
64 608
96 544
96 576
96 608
128 608
160 320
160 608
192 608
224 608
256 608
288 608
320 608
352 608
384 608
416 576
416 608
448 576
480 576
512 576
544 544
544 576
576 544
576 576
608 512
608 544
608 576
640 480
640 512
640 544
640 576
672 448
672 480
672 512
672 544
672 576
704 416
704 448
704 480
704 512
704 544
704 576
736 416
736 448
736 480
736 512
736 544
736 576
768 448
768 480
768 512
768 544
768 576
800 480
800 512
800 544
800 576
832 512
832 544
832 576
864 544
864 576
896 576
928 576
928 608
960 608
992 608
1024 608
1056 608
1088 608
1120 608
1152 608
1184 608
1216 608
1248 480
1248 512
1248 544
1248 576
1248 608
END_CUBES
BEGIN_UNITS
Gold 713 395
Gold 617 455
Gold 517 515
Dolan 297 572
Gooby 1098 364
END_UNITS